==========TestRig========== 
Interogating...
====Interogation Complete====

Getting Board Info...
=====Board Info=====
Network :	 1 
Module :	 250 
Board :		 9352 
Version :	 48 

Configuring Board...
===Board Configuration Successful===

==============   ADC Average Results   ==============0,1624,1628,3316
1,1476,1479,3016
2,1474,1477,3013
3,1473,1477,3016
4,1475,1475,3009
5,1472,1476,3013
6,1472,1476,3012
7,1472,1477,3010
8,1472,1476,3008
9,1473,1474,3012
10,1472,1476,3009
11,1473,1477,3010
12,1472,1475,3011
13,1473,1475,3009
14,1471,1475,3006
15,1471,1477,3009
16,1472,1474,3009
17,1473,1476,3008
18,1473,1475,3007
19,1471,1475,3008
20,1471,1476,3008
21,1471,1474,3012
22,1472,1476,3007
23,1474,1476,3006
24,2354,222,2875
25,2716,103,2797
26,2711,101,2791
27,2712,103,2796
28,2711,102,2792
29,2713,102,2794
30,2712,102,2791
31,2713,102,2791
32,2714,103,2793
33,2713,102,2793
34,2714,102,2792
35,2713,103,2791
36,2714,103,2791
37,2713,103,2795
38,2715,104,2792
39,2715,101,2790
40,2713,103,2791
41,2715,103,2792
42,2714,101,2792
43,2713,103,2794
44,2713,102,2791
45,2711,103,2795
46,2715,103,2792
47,2713,104,2792
48,2714,103,2794
49,2714,104,2793
50,2714,103,2793
51,2714,101,2792
52,2713,102,2791
53,2715,102,2795
54,2713,102,2793
55,2714,104,2793
56,2714,102,2791
57,2714,104,2793
58,2714,103,2791
59,2716,101,2791
60,2713,105,2793
61,2711,105,2794
62,2714,102,2796
63,2715,104,2792
64,2713,102,2791
65,2714,102,2794
66,2714,103,2796
67,2715,102,2790
68,2713,102,2796
69,2713,103,2796
70,2713,101,2793
71,2715,105,2793
72,2713,101,2792
73,1934,628,2857
74,1455,1459,2978
75,1468,1469,2997
76,1469,1471,3004
77,1470,1474,3003
78,1472,1473,3006
79,1473,1476,3008
80,1472,1474,3008
81,1472,1474,3007
82,1473,1476,3008
83,1474,1475,3009
84,1472,1476,3011
85,1473,1478,3010
86,1472,1476,3013
87,1473,1477,3008
88,1472,1475,3012
89,1474,1477,3009
90,1472,1475,3012
91,1476,1477,3010
92,1474,1478,3015
93,1474,1478,3016
94,1474,1476,3014
95,1476,1478,3017
96,1475,1478,3012
97,1476,1477,3014
98,1476,1479,3014
99,1475,1478,3016
100,1477,1478,3015
101,1476,1479,3015
102,1477,1478,3016
103,1474,1477,3014
104,1476,1477,3010
105,1474,1475,3015
106,1474,1477,3011
107,1474,1476,3016
108,1474,1476,3012
109,1474,1477,3011
110,1475,1476,3012
111,1475,1477,3011
112,1475,1476,3008
113,1473,1476,3016
114,1474,1476,3008
115,1474,1474,3011
116,1473,1474,3008
117,1474,1476,3014
118,1473,1476,3011
119,1473,1475,3011
120,1474,1476,3012
121,1474,1475,3010
122,1474,1475,3010
123,1470,1475,3009
124,1050,1590,2982
125,79,2725,2817
126,85,2701,2795
127,85,2699,2794
128,85,2698,2788
129,85,2699,2794
130,84,2698,2793
131,85,2700,2793
132,85,2698,2792
133,85,2701,2790
134,86,2700,2793
135,85,2702,2793
136,87,2700,2797
137,87,2700,2790
138,87,2701,2793
139,85,2701,2797
140,86,2700,2793
141,87,2700,2794
142,85,2701,2791
143,87,2703,2795
144,85,2700,2793
145,85,2701,2794
146,87,2700,2791
147,86,2700,2789
148,85,2703,2796
149,85,2701,2790
150,87,2701,2791
151,86,2699,2793
152,85,2700,2792
153,87,2701,2793
154,86,2700,2795
155,88,2702,2794
156,84,2702,2795
157,86,2702,2795
158,87,2699,2792
159,86,2700,2793
160,86,2699,2793
161,86,2700,2793
162,86,2700,2795
163,87,2699,2792
164,85,2700,2795
165,85,2701,2793
166,84,2702,2795
167,84,2701,2796
168,86,2700,2795
169,87,2699,2795
170,87,2701,2798
171,86,2699,2791
172,88,2702,2793
173,87,2702,2793
174,634,2464,2826
175,1453,1457,2965


 =======================  Latch Test  =======================


==============   Port A Latch time:   High: 48 Low: 49   ==============

==============   Port A Voltage:   High: 10.712477 Low: 0.338298   ==============

==============   Port B Latch time:   High: 50  Low: 49   ==============

==============   Port B Voltage:   High: 10.643697 Low: 0.414756   ==============


==============   Vin Voltage:   AVG: 12.678764 Min: 11.815627   ==============

==============   Fuse Voltage:   AVG: 12.351100 Min: 10.962913   ==============

==============   MOSFET 1 Voltage:   High: 0.363193 Low: 0.300029   ==============

==============   MOSFET 2 Voltage:   High: 0.410566 Low: 0.371089   ==============

==============   LATCH TEST PASSED  ==============



Target Board Uploading Samples...
Waitng : 2.20 seconds....
=====Sampling Complete=====

Starting Test Procedure...


====================	Test 1	====================

Testing Latch
**Port 1** PASSED
Measured Value: 1.0000		Set Value: 1.0000 

Testing Currrent
**Port 2** PASSED
Measured Value: 15.9900		Set Value: 16.2500 

Testing Currrent
**Port 3** PASSED
Measured Value: 16.0400		Set Value: 16.2500 

Testing Async
**Port 4** PASSED
Measured Value: 10.0000		Set Value: 10.0000 

Testing Async
**Port 5** PASSED
Measured Value: 7.0000		Set Value: 7.0000 


Configuring Board...
===Board Configuration Successful===

Target Board Uploading Samples...
Waitng : 2.20 seconds....
=====Sampling Complete=====

Starting Test Procedure...


====================	Test 2	====================

**Port 1** PASSED
Measured Value: 0.0000		Set Value: 0.0000 

Testing Voltage
**Port 2** PASSED
Measured Value: 3.0090		Set Value: 3.0000 

Testing Currrent
**Port 3** PASSED
Measured Value: 17.2600		Set Value: 17.5000 

Testing Async
**Port 4** PASSED
Measured Value: 10.0000		Set Value: 10.0000 

Testing Async
**Port 5** PASSED
Measured Value: 7.0000		Set Value: 7.0000 


Configuring Board...
===Board Configuration Successful===

Target Board Uploading Samples...
Waitng : 2.20 seconds....
=====Sampling Complete=====

Starting Test Procedure...


====================	Test 3	====================

**Port 1** PASSED
Measured Value: 0.0000		Set Value: 0.0000 

Testing Currrent
**Port 2** PASSED
Measured Value: 18.4700		Set Value: 18.7500 

Testing Voltage
**Port 3** PASSED
Measured Value: 2.2650		Set Value: 2.2500 

Testing Async
**Port 4** PASSED
Measured Value: 8.0000		Set Value: 8.0000 

Testing Async
**Port 5** PASSED
Measured Value: 7.0000		Set Value: 7.0000 


Configuring Board...
===Board Configuration Successful===

Target Board Uploading Samples...
Waitng : 2.20 seconds....
